3318 849
3713 14
407 3217 1697 489 3698 1900 3563
1436 2229 516 1925 2703
1563 815
3581 3045
1669 1540
2511 10
534 1793 1268
2866 361 2218 3360
3436 256 3991 2375 1201 3601 3078 2444 233 1653 3851 641 3785
3334 2506
88 906
4032 1987
2161 50
105 458 532 1352 77 416 3835 2304
3545 3464
439 441
2883 1014
1485 3822 345
3929 3952
3612 3408
206 207 1161
3637 3711
4092 0
3970 3942
3736 3913 3975 2656 3988
3703 3962
186 1564
1452 822
1656 4011
1500 1288
506 568
3358 1661
3135 1249 1099
228 546 6
2748 2949
403 1644
2171 1873
2682 615
2342 1979
3649 3940
2292 710
756 761
2988 2301
542 544
2903 617
3 4095
1095 646
3000 3083
215 216
3739 2831
1 4093
3635 3658
732 1556
101 29 3497
4 1458
2216 3181
241 240
4094 2
