361 3976 816 2643 3878 4014 1381 2196 1920 1843 826 4009 499 1569 1950 1818 1838 2637 1793 2218 2646 3868 2529 1827 2970 3079 787 1514 1268 3360 615 2883 3609 2930 1014 3493 1736 534 3056 2866 2118 2682 3104 3063 1027 2691
3822 345 1485 2452
2559 483
1230 4037
3563 1697 1900 3217 3698 489 407
1324 485
3742 1945 474
1903 3062
3658 3635
1567 3987
3368 1846 1204
1099 1249 3135
270 260
216 215
1106 3412 223 3697
4019 3338
14 3713
3786 198 459 835
3533 1136 3118
3975 3988 2656 3736 3913 3938
497 2248
3591 1201 3991 698 4074 256 3785 3851 444 1916 233 3078 2978 1653 3436 2556 2444 641 2375 3601
1161 207 206
954 751
3649 3940
1563 815
617 2903
3190 1578 3475 1401 2676
2080 575 997 1301 486 360
2840 3017
458 2304 105 416 3835 77 1352 532
3094 3882
1008 511 3611 945 863 3724 271 571 2292 710
1039 177
1058 3482
3711 3637
1452 822
240 241
959 3263
1669 1540
2703 1922 2229 516 1925 1935 1436
3993 3556
1096 3106
50 2161
3992 2470 1734 2032 1615
2831 3739
2309 3648
3181 2216
3970 3942
1873 2171
2244 1684
1889 905
1656 4011
2925 1242
756 761
0 4092
646 1601 1434 1095
3508 1418
2511 10
2069 3529 3328 807 3570 1799
1644 403
29 3497 101
732 1556
3202 3127
782 2008
874 1282
2436 2688
4 1458
546 6 292 228
3333 2702
544 542
1755 610
1472 1849
3545 378 3464
3 4095
3929 3952
3703 3962
1048 1126
906 88
3612 3408
3672 3788
1987 4032
439 441
1564 186
3435 809
144 3429
726 1422
2 4094
2988 2301
1191 265
1029 2471
3083 3000
2792 3372
1545 569
2342 1979
675 2966 2474
3581 3045
3334 2506
1425 4048 3367
568 506
2733 1205
1 4093
849 3318
3677 3684
2748 2949
3358 1661
1288 1500
