3707 3943 3952
3644 2889
1258 231 1773 925 2662
684 1698 286 2133 2954 3279 66
2729 2092 2014
2373 171
828 608
3570 2796
1404 2038
194 960
3574 2234
2377 2804
650 1804
3251 2934
1929 1821 1885
3813 1360
741 2927 1722 0 2474 2319 554
1397 789
3643 903 3427 1875 173
1467 798
43 40
1754 3885
1123 1066 3285 3128
3066 3606
1092 2962
408 1784 2775
358 2675 2000 456 759
2920 3781
3939 894
1235 2671
435 2607 3544
2516 17
74 1779 2033
3827 1729
3413 2785 2742 3589
2683 2302
2435 105
479 2921
864 3321 371
2356 3092
594 2661 2517 727 3847
3580 3796
3225 3881
4042 1604 4000
1833 1703
1100 1827
4048 1826
3712 1916
775 841
618 3132
2664 2655
2089 1748 7
896 3075
2434 2436
3653 3250
3270 3308 3042
2 878
187 389
2355 3013
2325 280
3888 3922
3984 3450
2739 1800 1868
2456 2403
55 1758
3466 2230
3618 4080
2805 3982
161 970
1458 892
3299 1707 1890
2036 15
730 857
240 239
1435 224
920 1463 3701 2010 3
2070 1583
3318 2776
2685 783
2772 1255
1275 538
2713 228
2414 3640
3157 3963
411 2113
1122 3221
1635 3809
2820 1057
875 94
2021 458
2867 2678
3505 1341
3637 1565
16 3271
3405 2758
1348 851
597 3757
709 76
2829 582
