1784 2775 408
7 2089 1748
3042 3270
2015 3284
1722 741 0
3126 3956 1224 2149 3646 2333 2651 3359 3535 3530 3265 3281 3750 3100 3718 13 3577 3115 6
1255 2772
2355 3013
828 608
2536 3007
2576 2537
2796 3570
2014 2092
2867 2678
2036 15
240 239
3225 3881
970 161
647 264
3092 2356
3306 1549
2655 2664
3455 2280
2717 3076
3883 3858
97 258
892 1458
1435 224
2511 2492
16 3271
94 875
1929 1821
3701 2010
3405 2758
2033 74 1779
4080 3618
228 2713
789 1397
3191 3183
247 248
1893 90
4000 4042
3580 3796
